The graph:
Adjacency list:
1: 2(2) 4(9) 5(9) 
2: 1(2) 4(2) 9(8) 15(7) 
4: 1(9) 2(2) 6(13) 9(2) 
5: 1(9) 6(10) 10(11) 
6: 4(13) 5(10) 9(12) 11(1) 
7: 8(1) 
8: 7(1) 11(5) 
9: 2(8) 4(2) 6(12) 12(1) 
10: 5(11) 11(7) 12(4) 14(14) 15(14) 
11: 6(1) 8(5) 10(7) 14(7) 
12: 9(1) 10(4) 
14: 10(14) 11(7) 
15: 2(7) 10(14) 

Boruvka MST:
Adjacency list:
1: 2(2) 5(9) 
2: 1(2) 4(2) 15(7) 
4: 2(2) 9(2) 
5: 1(9) 
6: 11(1) 
7: 8(1) 
8: 7(1) 11(5) 
9: 12(1) 4(2) 
10: 12(4) 11(7) 
11: 6(1) 14(7) 8(5) 10(7) 
12: 9(1) 10(4) 
14: 11(7) 
15: 2(7) 

Prim MST:
Adjacency list:
1: 2(2) 5(9) 
2: 1(2) 4(2) 15(7) 
4: 2(2) 9(2) 
5: 1(9) 
6: 11(1) 
7: 8(1) 
8: 11(5) 7(1) 
9: 4(2) 12(1) 
10: 12(4) 11(7) 
11: 10(7) 6(1) 8(5) 14(7) 
12: 9(1) 10(4) 
14: 11(7) 
15: 2(7) 

Kruskal MST:
Adjacency list:
1: 2(2) 5(9) 
2: 1(2) 4(2) 15(7) 
4: 2(2) 9(2) 
5: 1(9) 
6: 11(1) 
7: 8(1) 
8: 7(1) 11(5) 
9: 12(1) 4(2) 
10: 12(4) 11(7) 
11: 6(1) 8(5) 10(7) 14(7) 
12: 9(1) 10(4) 
14: 11(7) 
15: 2(7) 

