TASK 1
Adjacency list:
1: 9 6 6 
2: 14 10 
3: 6 3 3 15 
4: 
5: 10 
6: 1 15 3 8 1 
7: 8 11 8 
8: 7 9 6 7 
9: 1 8 10 15 
10: 5 9 10 10 2 
11: 7 
12: 13 
13: 15 12 
14: 2 
15: 6 9 13 3 

Adjacency matrix:
0 0 0 0 0 2 0 0 1 0 0 0 0 0 0 
0 0 0 0 0 0 0 0 0 1 0 0 0 1 0 
0 0 1 0 0 1 0 0 0 0 0 0 0 0 1 
0 0 0 0 0 0 0 0 0 0 0 0 0 0 0 
0 0 0 0 0 0 0 0 0 1 0 0 0 0 0 
2 0 1 0 0 0 0 1 0 0 0 0 0 0 1 
0 0 0 0 0 0 0 2 0 0 1 0 0 0 0 
0 0 0 0 0 1 2 0 1 0 0 0 0 0 0 
1 0 0 0 0 0 0 1 0 1 0 0 0 0 1 
0 1 0 0 1 0 0 0 1 1 0 0 0 0 0 
0 0 0 0 0 0 1 0 0 0 0 0 0 0 0 
0 0 0 0 0 0 0 0 0 0 0 0 1 0 0 
0 0 0 0 0 0 0 0 0 0 0 1 0 0 1 
0 1 0 0 0 0 0 0 0 0 0 0 0 0 0 
0 0 1 0 0 1 0 0 1 0 0 0 1 0 0 

TASK 2
Verticies degrees:
1: 3
2: 2
3: 4
4: 0
5: 1
6: 5
7: 3
8: 4
9: 4
10: 5
11: 1
12: 1
13: 2
14: 1
15: 4

Isolated verticies:
4 

Leaves:
5 11 12 14 

Hanging edges:
4 9 
1 13 
12 11 
6 10 

Loops (with degrees):
3: 1
10: 1

Multiple edges (with degrees):
1 6: 2
7 8: 2

TASK 3 - regular graph
Adjacency list:
1: 6 9 
2: 10 14 
3: 6 15 
4: 
5: 10 
6: 1 3 8 15 
7: 8 11 
8: 6 7 9 
9: 1 8 10 15 
10: 2 5 9 
11: 7 
12: 13 
13: 12 15 
14: 2 
15: 3 6 9 13 

TASK 4
Number of components: 2
1: 1 2 3 5 6 7 8 9 10 11 12 13 14 15 
2: 4 

TASK 5
Component #1
BFS tree:
Adjacency list:
1: 6 9 
2: 14 
6: 3 8 15 
7: 11 
8: 7 
9: 10 
10: 2 5 
13: 12 
15: 13 

DFS tree:
Adjacency list:
1: 6 
2: 14 
3: 15 
6: 3 
7: 11 
8: 7 
9: 8 10 
10: 2 5 
13: 12 
15: 9 13 

